45.333333333333336
63.333333333333336
51.0
48.333333333333336
67.66666666666667
58.0
65.33333333333333
73.33333333333333
83.33333333333333
86.0
58.0
52.0
82.0
61.666666666666664
72.66666666666667
53.0
38.0
65.0
72.66666666666667
67.66666666666667
50.0
57.666666666666664
58.333333333333336
67.66666666666667
64.66666666666667
57.333333333333336
77.66666666666667
52.333333333333336
29.0
67.33333333333333
64.0
64.33333333333333
80.66666666666667
77.33333333333333
73.33333333333333
41.666666666666664
49.666666666666664
40.0
79.0
60.333333333333336
39.333333333333336
45.666666666666664
58.333333333333336
72.0
75.66666666666667
56.333333333333336
40.666666666666664
64.66666666666667
74.0
73.0
64.0
54.333333333333336
45.666666666666664
75.33333333333333
48.333333333333336
72.66666666666667
43.333333333333336
64.66666666666667
61.0
68.66666666666667
66.33333333333333
61.0
82.33333333333333
42.333333333333336
51.0
61.333333333333336
55.666666666666664
88.66666666666667
53.666666666666664
73.33333333333333
60.0
43.0
64.33333333333333
46.0
57.333333333333336
69.33333333333333
46.666666666666664
57.333333333333336
67.66666666666667
62.0
84.66666666666667
66.33333333333333
50.666666666666664
44.333333333333336
83.0
82.0
59.333333333333336
67.0
76.0
74.0
57.333333333333336
82.0
58.666666666666664
75.33333333333333
48.333333333333336
44.666666666666664
63.666666666666664
59.666666666666664
40.666666666666664
46.666666666666664
62.666666666666664
73.0
43.0
51.0
61.0
63.333333333333336
62.666666666666664
57.666666666666664
49.333333333333336
68.0
73.66666666666667
57.333333333333336
52.0
48.0
88.33333333333333
54.666666666666664
64.66666666666667
87.66666666666667
56.666666666666664
53.666666666666664
67.66666666666667
58.333333333333336
48.666666666666664
83.33333333333333
38.0
40.0
65.0
46.666666666666664
52.333333333333336
61.0
55.666666666666664
69.0
64.0
58.0
61.666666666666664
66.33333333333333
67.33333333333333
56.666666666666664
51.666666666666664
58.0
48.333333333333336
67.66666666666667
63.333333333333336
49.333333333333336
35.666666666666664
51.666666666666664
66.33333333333333
54.666666666666664
80.66666666666667
70.33333333333333
80.0
52.0
79.0
49.666666666666664
43.333333333333336
57.333333333333336
42.0
83.0
51.0
58.0
63.0
88.0
90.0
62.31901840490798 60.736196319018404 60.441717791411044